big to small
1 25
2 32
3 64
4 80
5 81
6 82
7 90
8 98
9 122
10 124
11 147
12 157
13 165
14 166
15 169
16 179
17 180
18 192
19 198
20 223
21 252
22 267
23 281
24 288
25 301
26 302
27 324
28 337
29 341
30 347
31 348
32 350
33 353
34 355
35 367
36 369
37 370
38 380
39 384
40 389
41 393
42 398
43 439
44 448
45 490
46 513
47 518
48 519
49 524
50 535
51 539
52 551
53 561
54 563
55 567
56 572
57 584
58 585
59 587
60 595
61 597
62 598
63 638
64 652
65 664
66 674
67 681
68 683
69 712
70 732
71 753
72 755
73 757
74 777
75 784
76 787
77 788
78 789
79 799
80 819
81 844
82 851
83 854
84 879
85 883
86 905
87 906
88 909
89 920
90 924
91 937
92 938
93 942
94 946
95 948
96 953
97 955
98 959
99 966
100 971
101 974
102 979
103 983
104 987
105 998
106 999
107 1029
108 1041
109 1044
110 1055
111 1067
112 1077
113 1087
114 1110
115 1115
116 1130
117 1131
118 1166
119 1170
120 1171
121 1172
122 1179
123 1180
124 1181
125 1186
126 1187
127 1193
128 1275
129 1368
130 1392
131 1399
small to big
25 1
32 2
64 3
80 4
81 5
82 6
90 7
98 8
122 9
124 10
147 11
157 12
165 13
166 14
169 15
179 16
180 17
192 18
198 19
223 20
252 21
267 22
281 23
288 24
301 25
302 26
324 27
337 28
341 29
347 30
348 31
350 32
353 33
355 34
367 35
369 36
370 37
380 38
384 39
389 40
393 41
398 42
439 43
448 44
490 45
513 46
518 47
519 48
524 49
535 50
539 51
551 52
561 53
563 54
567 55
572 56
584 57
585 58
587 59
595 60
597 61
598 62
638 63
652 64
664 65
674 66
681 67
683 68
712 69
732 70
753 71
755 72
757 73
777 74
784 75
787 76
788 77
789 78
799 79
819 80
844 81
851 82
854 83
879 84
883 85
905 86
906 87
909 88
920 89
924 90
937 91
938 92
942 93
946 94
948 95
953 96
955 97
959 98
966 99
971 100
974 101
979 102
983 103
987 104
998 105
999 106
1029 107
1041 108
1044 109
1055 110
1067 111
1077 112
1087 113
1110 114
1115 115
1130 116
1131 117
1166 118
1170 119
1171 120
1172 121
1179 122
1180 123
1181 124
1186 125
1187 126
1193 127
1275 128
1368 129
1392 130
1399 131
